W1 48.0 69.0 1 13 (6,5)
W2 64.0 10.0 2 15 (4,13)
W3 41.0 89.0 3 13 (3,98)
W4 0.0 23.0 2 14 (66,53)
W5 82.0 77.0 3 3 (29,12)
W6 94.0 63.0 2 15 (9,97)
W7 78.0 2.0 2 4 (33,60)
W8 0.0 80.0 3 1 (74,11)
W9 16.0 62.0 3 1 (15,29)
W10 52.0 9.0 3 2 (21,86)
W11 99.0 93.0 3 12 (81,83)
W12 63.0 71.0 1 6 (78,61)
W13 19.0 47.0 3 3 (22,18)
W14 38.0 65.0 1 12 (64,39)
W15 1.0 4.0 2 4 (45,52)
T1 4 76.0 59.0
T2 5 25.0 70.0
T3 5 74.0 48.0
T4 3 10.0 17.0
T5 4 42.0 3.0
T6 2 26.0 33.0
T7 4 11.0 25.0
T8 4 79.0 27.0
T9 2 20.0 38.0
T10 4 30.0 45.0
T11 4 95.0 51.0
T12 3 23.0 54.0
T13 5 65.0 25.0
T14 2 48.0 62.0
T15 4 83.0 4.0
T16 4 68.0 94.0
T17 5 74.0 30.0
T18 4 39.0 18.0
T19 3 98.0 87.0
T20 3 39.0 22.0
